joined_plantrak_id
8888880012
8888880009
8888880006
8888880005
8888880002
8888880001
7003920002
7003900001
7003880034
7003880028
7003880025
7003880020
7003880001
7003870001
7003860001
7003850001
7003800001
7003780001
7003190001
7003160006
7003160005
7003160001
7003130018
7003130015
7003130001
7003100001
7003090001
7003070001
7003060001
7003040009
7003040001
7003030007
7003030001
7003020001
7003010004
7003010001
7003000005
7003000001
7002910009
7002910008
7002910007
7002910006
7002910005
7002910004
7002910002
7002910001
7002890001
7002870001
7002820001
7002770001
7002750005
7002750003
7002750001
7002740001
7002690001
7002660001
7002640002
7002630013
7002630011
7002630010
7002630008
7002630003
7002630001
7002600001
7002580001
7002570031
7002570028
7002570026
7002570006
7002570005
7002570004
7002570002
7002570001
7002530011
7002530001
7002470001
7002420001
7002380044
7002380042
7002380035
7002380001
7002370004
7002370001
7002360265
7002360264
7002360262
7002360261
7002360260
7002360257
7002360253
7002360252
7002360251
7002360250
7002360249
7002360246
7002360245
7002360244
7002360240
7002360239
7002360237
7002360229
7002360228
7002360222
7002360220
7002360219
7002360218
7002360216
7002360211
7002360210
7002360209
7002360208
7002360205
7002360193
7002360190
7002360187
7002360186
7002360185
7002360180
7002360174
7002360173
7002360163
7002360152
7002360143
7002360142
7002360137
7002360135
7002360132
7002360130
7002360115
7002360101
7002360100
7002360065
7002360064
7002360062
7002360061
7002360060
7002360054
7002360038
7002360036
7002360031
7002360026
7002360025
7002360019
7002360016
7002360001
7002320076
7002320075
7002320068
7002320053
7002320049
7002320047
7002320026
7002320001
7002110001
7002040012
7002000005
7002000001
7001990057
7001990051
7001990036
7001990035
7001990026
7001990001
7001980039
7001970043
7001970041
7001970039
7001970032
7001970031
7001970030
7001970028
7001970021
7001970018
7001970015
7001970012
7001970011
7001970001
7001940082
7001940081
7001940078
7001940074
7001940073
7001940067
7001940065
7001940062
7001940061
7001940060
7001940055
7001940054
7001940053
7001940052
7001940050
7001940047
7001940046
7001940038
7001940037
7001940033
7001940032
7001940027
7001940026
7001940023
7001940022
7001940021
7001940020
7001940018
7001940017
7001940016
7001940014
7001940006
7001940005
7001940002
7001940001
7001900012
7001900001
7001750054
7001750044
7001750024
7001750001
7001720151
7001720135
7001720132
7001720131
7001720123
7001720122
7001720113
7001720102
7001720086
7001720001
7001540001
7001430001
7001400041
7001400017
7001400012
7001400001
7001390001
7001370013
7001370012
7001370011
7001370010
7001370006
7001370005
7001370001
7001340052
7001340050
7001340049
7001340045
7001340042
7001340041
7001340040
7001340022
7001340019
7001340010
7001340008
7001340007
7001340001
7001270017
7001270011
7001270007
7001270001
7001170017
7001170001
7001030185
7001030184
7000870025
7000870001
7000830237
7000830236
7000830230
7000830228
7000830220
7000830218
7000830217
7000830201
7000830200
7000830189
7000830187
7000830176
7000830173
7000830155
7000830154
7000830149
7000830148
7000830136
7000830135
7000830132
7000830131
7000830113
7000830106
7000830097
7000830092
7000830007
7000830001
7000810027
7000810012
7000810001
7000710011
7000710009
7000710008
7000710007
7000710006
7000710004
7000710003
7000710001
7000560981
7000560977
7000560970
7000560969
7000560968
7000560959
7000560957
7000560948
7000560940
7000560932
7000560900
7000560896
7000560865
7000560864
7000560858
7000560857
7000560843
7000560842
7000560840
7000560839
7000560834
7000560833
7000560831
7000560829
7000560828
7000560824
7000560818
7000560814
7000560807
7000560805
7000560804
7000560801
7000560800
7000560792
7000560790
7000560779
7000560773
7000560772
7000560771
7000560760
7000560759
7000560758
7000560755
7000560752
7000560749
7000560748
7000560745
7000560733
7000560731
7000560730
7000560729
7000560728
7000560727
7000560726
7000560718
7000560717
7000560716
7000560715
7000560714
7000560713
7000560710
7000560709
7000560707
7000560706
7000560705
7000560700
7000560698
7000560697
7000560696
7000560694
7000560691
7000560689
7000560685
7000560684
7000560683
7000560678
7000560677
7000560675
7000560667
7000560661
7000560660
7000560659
7000560656
7000560655
7000560653
7000560652
7000560650
7000560649
7000560645
7000560643
7000560642
7000560641
7000560640
7000560639
7000560638
7000560635
7000560634
7000560633
7000560631
7000560630
7000560629
7000560627
7000560626
7000560618
7000560617
7000560616
7000560615
7000560614
7000560613
7000560609
7000560608
7000560606
7000560605
7000560603
7000560601
7000560600
7000560598
7000560594
7000560584
7000560583
7000560580
7000560579
7000560578
7000560576
7000560575
7000560574
7000560571
7000560568
7000560564
7000560558
7000560556
7000560554
7000560549
7000560548
7000560547
7000560543
7000560532
7000560530
7000560526
7000560523
7000560522
7000560518
7000560516
7000560515
7000560511
7000560510
7000560509
7000560507
7000560501
7000560500
7000560494
7000560491
7000560486
7000560485
7000560483
7000560480
7000560479
7000560475
7000560473
7000560471
7000560467
7000560466
7000560463
7000560462
7000560459
7000560457
7000560456
7000560454
7000560452
7000560450
7000560447
7000560446
7000560445
7000560444
7000560443
7000560442
7000560440
7000560438
7000560437
7000560434
7000560432
7000560430
7000560427
7000560426
7000560425
7000560416
7000560405
7000560402
7000560391
7000560388
7000560358
7000560340
7000560331
7000560316
7000560299
7000560281
7000560259
7000560258
7000560254
7000560253
7000560250
7000560245
7000560236
7000560224
7000560222
7000560220
7000560208
7000560207
7000560204
7000560202
7000560201
7000560200
7000560198
7000560196
7000560193
7000560186
7000560185
7000560182
7000560180
7000560177
7000560176
7000560175
7000560174
7000560162
7000560145
7000560143
7000560141
7000560135
7000560134
7000560127
7000560125
7000560081
7000560079
7000560062
7000560061
7000560053
7000560052
7000560031
7000560029
7000560027
7000560022
7000560001
7000490012
7000490011
7000490010
7000490007
7000490004
7000490001
7000420101
7000420097
7000420095
7000420081
7000420053
7000420026
7000420023
7000420022
7000420015
7000420001
7000340001
7000280514
7000280502
7000280490
7000280486
7000280485
7000280481
7000280477
7000280469
7000280468
7000280465
7000280460
7000280458
7000280457
7000280455
7000280449
7000280445
7000280440
7000280438
7000280427
7000280420
7000280401
7000280399
7000280398
7000280387
7000280386
7000280385
7000280379
7000280366
7000280365
7000280352
7000280349
7000280335
7000280299
7000280280
7000280279
7000280278
7000280271
7000280269
7000280209
7000280182
7000280179
7000280178
7000280148
7000280118
7000280111
7000280100
7000280091
7000280054
7000280044
7000280032
7000280001
7000271660
7000271645
7000271639
7000271638
7000271632
7000271631
7000271629
7000271620
7000271618
7000271617
7000271616
7000271615
7000271613
7000271608
7000271606
7000271605
7000271600
7000271598
7000271594
7000271593
7000271592
7000271591
7000271586
7000271581
7000271578
7000271571
7000271567
7000271566
7000271561
7000271559
7000271558
7000271557
7000271555
7000271554
7000271552
7000271551
7000271548
7000271547
7000271545
7000271544
7000271541
7000271540
7000271538
7000271536
7000271535
7000271534
7000271533
7000271532
7000271528
7000271521
7000271519
7000271518
7000271516
7000271515
7000271514
7000271511
7000271510
7000271509
7000271508
7000271507
7000271505
7000271504
7000271503
7000271497
7000271496
7000271494
7000271492
7000271487
7000271486
7000271483
7000271482
7000271479
7000271478
7000271477
7000271475
7000271474
7000271473
7000271471
7000271470
7000271469
7000271466
7000271460
7000271456
7000271455
7000271452
7000271451
7000271450
7000271448
7000271423
7000271422
7000271418
7000271417
7000271416
7000271402
7000271397
7000271396
7000271392
7000271391
7000271390
7000271382
7000271379
7000271367
7000271364
7000271363
7000271361
7000271355
7000271354
7000271352
7000271342
7000271339
7000271338
7000271336
7000271334
7000271332
7000271330
7000271329
7000271328
7000271327
7000271325
7000271324
7000271323
7000271322
7000271320
7000271319
7000271318
7000271300
7000271299
7000271298
7000271297
7000271296
7000271293
7000271292
7000271291
7000271290
7000271289
7000271288
7000271287
7000271286
7000271284
7000271279
7000271278
7000271273
7000271271
7000271270
7000271269
7000271267
7000271263
7000271261
7000271260
7000271258
7000271256
7000271255
7000271254
7000271253
7000271252
7000271251
7000271250
7000271249
7000271248
7000271247
7000271245
7000271244
7000271243
7000271242
7000271241
7000271240
7000271238
7000271237
7000271235
7000271234
7000271233
7000271232
7000271231
7000271230
7000271228
7000271227
7000271226
7000271223
7000271222
7000271221
7000271220
7000271218
7000271217
7000271215
7000271211
7000271210
7000271209
7000271208
7000271207
7000271205
7000271204
7000271203
7000271200
7000271199
7000271198
7000271195
7000271194
7000271192
7000271190
7000271189
7000271188
7000271186
7000271185
7000271181
7000271180
7000271179
7000271178
7000271177
7000271175
7000271174
7000271173
7000271172
7000271169
7000271168
7000271167
7000271166
7000271165
7000271164
7000271163
7000271162
7000271158
7000271157
7000271155
7000271154
7000271153
7000271152
7000271151
7000271149
7000271148
7000271147
7000271144
7000271143
7000271142
7000271141
7000271140
7000271138
7000271137
7000271136
7000271135
7000271133
7000271132
7000271130
7000271129
7000271127
7000271125
7000271124
7000271123
7000271121
7000271119
7000271116
7000271112
7000271108
7000271104
7000271103
7000271102
7000271101
7000271099
7000271097
7000271094
7000271093
7000271092
7000271090
7000271089
7000271088
7000271087
7000271084
7000271082
7000271081
7000271077
7000271076
7000271073
7000271072
7000271071
7000271068
7000271065
7000271064
7000271062
7000271061
7000271060
7000271057
7000271054
7000271053
7000271052
7000271051
7000271050
7000271049
7000271048
7000271047
7000271046
7000271045
7000271044
7000271039
7000271038
7000271037
7000271035
7000271034
7000271033
7000271032
7000271031
7000271028
7000271027
7000271025
7000271024
7000271023
7000271020
7000271018
7000271017
7000271014
7000271010
7000271008
7000271004
7000271000
7000270998
7000270996
7000270995
7000270994
7000270993
7000270992
7000270991
7000270987
7000270985
7000270984
7000270983
7000270982
7000270980
7000270977
7000270975
7000270974
7000270973
7000270970
7000270966
7000270965
7000270964
7000270960
7000270959
7000270957
7000270956
7000270955
7000270954
7000270953
7000270952
7000270951
7000270949
7000270944
7000270940
7000270937
7000270936
7000270935
7000270933
7000270931
7000270929
7000270925
7000270924
7000270920
7000270919
7000270916
7000270902
7000270901
7000270900
7000270899
7000270893
7000270889
7000270888
7000270881
7000270880
7000270878
7000270875
7000270873
7000270869
7000270867
7000270866
7000270864
7000270863
7000270861
7000270860
7000270859
7000270858
7000270855
7000270854
7000270853
7000270852
7000270849
7000270846
7000270844
7000270843
7000270842
7000270839
7000270838
7000270837
7000270836
7000270833
7000270831
7000270830
7000270826
7000270825
7000270821
7000270820
7000270819
7000270814
7000270813
7000270812
7000270810
7000270808
7000270805
7000270803
7000270801
7000270798
7000270797
7000270792
7000270790
7000270787
7000270786
7000270784
7000270783
7000270782
7000270781
7000270779
7000270778
7000270775
7000270774
7000270772
7000270771
7000270769
7000270767
7000270766
7000270764
7000270763
7000270762
7000270758
7000270757
7000270756
7000270755
7000270754
7000270753
7000270751
7000270747
7000270740
7000270738
7000270736
7000270728
7000270725
7000270724
7000270722
7000270719
7000270716
7000270715
7000270714
7000270713
7000270712
7000270711
7000270708
7000270707
7000270705
7000270699
7000270698
7000270696
7000270695
7000270694
7000270691
7000270688
7000270687
7000270686
7000270685
7000270682
7000270681
7000270678
7000270677
7000270674
7000270673
7000270672
7000270671
7000270668
7000270667
7000270666
7000270665
7000270658
7000270654
7000270653
7000270650
7000270649
7000270646
7000270645
7000270644
7000270641
7000270636
7000270634
7000270633
7000270630
7000270625
7000270624
7000270623
7000270620
7000270616
7000270615
7000270612
7000270608
7000270607
7000270606
7000270605
7000270604
7000270603
7000270601
7000270596
7000270595
7000270592
7000270591
7000270590
7000270589
7000270583
7000270581
7000270574
7000270573
7000270572
7000270569
7000270568
7000270567
7000270566
7000270562
7000270560
7000270552
7000270551
7000270550
7000270548
7000270547
7000270546
7000270541
7000270535
7000270534
7000270530
7000270528
7000270526
7000270525
7000270524
7000270523
7000270522
7000270519
7000270517
7000270516
7000270515
7000270514
7000270513
7000270512
7000270511
7000270510
7000270509
7000270508
7000270507
7000270504
7000270503
7000270500
7000270497
7000270495
7000270492
7000270491
7000270488
7000270483
7000270462
7000270459
7000270458
7000270446
7000270443
7000270438
7000270434
7000270426
7000270422
7000270421
7000270419
7000270418
7000270412
7000270411
7000270409
7000270403
7000270397
7000270395
7000270392
7000270391
7000270389
7000270385
7000270381
7000270379
7000270378
7000270375
7000270366
7000270361
7000270356
7000270355
7000270354
7000270351
7000270349
7000270340
7000270339
7000270330
7000270329
7000270322
7000270318
7000270316
7000270308
7000270304
7000270301
7000270300
7000270299
7000270298
7000270296
7000270294
7000270286
7000270285
7000270284
7000270281
7000270277
7000270272
7000270270
7000270269
7000270267
7000270266
7000270262
7000270260
7000270241
7000270235
7000270231
7000270224
7000270223
7000270221
7000270217
7000270215
7000270208
7000270207
7000270205
7000270204
7000270203
7000270201
7000270199
7000270198
7000270175
7000270170
7000270169
7000270168
7000270160
7000270158
7000270150
7000270142
7000270140
7000270132
7000270128
7000270122
7000270099
7000270098
7000270095
7000270094
7000270090
7000270089
7000270085
7000270084
7000270075
7000270072
7000270070
7000270069
7000270059
7000270001
7000161890
7000161889
7000161886
7000161885
7000161876
7000161875
7000161872
7000161871
7000161870
7000161869
7000161867
7000161864
7000161862
7000161857
7000161856
7000161852
7000161851
7000161850
7000161848
7000161846
7000161844
7000161842
7000161841
7000161840
7000161837
7000161835
7000161833
7000161832
7000161831
7000161830
7000161829
7000161825
7000161822
7000161821
7000161819
7000161817
7000161815
7000161813
7000161812
7000161811
7000161807
7000161805
7000161803
7000161802
7000161801
7000161799
7000161798
7000161795
7000161794
7000161791
7000161788
7000161787
7000161782
7000161779
7000161774
7000161767
7000161765
7000161747
7000161746
7000161744
7000161742
7000161740
7000161738
7000161734
7000161733
7000161732
7000161731
7000161729
7000161724
7000161722
7000161721
7000161719
7000161718
7000161716
7000161715
7000161711
7000161710
7000161708
7000161704
7000161703
7000161699
7000161695
7000161692
7000161691
7000161689
7000161688
7000161686
7000161685
7000161684
7000161682
7000161680
7000161679
7000161674
7000161673
7000161672
7000161667
7000161666
7000161665
7000161664
7000161663
7000161662
7000161661
7000161659
7000161657
7000161656
7000161655
7000161651
7000161650
7000161647
7000161645
7000161644
7000161643
7000161642
7000161641
7000161639
7000161637
7000161636
7000161634
7000161630
7000161629
7000161628
7000161626
7000161624
7000161623
7000161622
7000161620
7000161617
7000161615
7000161614
7000161613
7000161611
7000161609
7000161608
7000161606
7000161602
7000161600
7000161598
7000161597
7000161595
7000161594
7000161593
7000161592
7000161591
7000161590
7000161589
7000161588
7000161585
7000161583
7000161582
7000161580
7000161579
7000161578
7000161577
7000161576
7000161575
7000161574
7000161573
7000161572
7000161571
7000161570
7000161569
7000161566
7000161565
7000161563
7000161562
7000161561
7000161560
7000161559
7000161558
7000161557
7000161556
7000161554
7000161552
7000161551
7000161550
7000161549
7000161547
7000161546
7000161545
7000161544
7000161543
7000161542
7000161541
7000161540
7000161539
7000161538
7000161537
7000161536
7000161530
7000161526
7000161525
7000161524
7000161523
7000161521
7000161520
7000161517
7000161516
7000161513
7000161512
7000161511
7000161506
7000161505
7000161502
7000161501
7000161500
7000161499
7000161497
7000161495
7000161493
7000161490
7000161489
7000161488
7000161486
7000161485
7000161484
7000161482
7000161479
7000161476
7000161475
7000161474
7000161473
7000161472
7000161471
7000161470
7000161469
7000161468
7000161467
7000161466
7000161465
7000161463
7000161462
7000161460
7000161459
7000161458
7000161457
7000161456
7000161455
7000161454
7000161449
7000161448
7000161446
7000161445
7000161444
7000161441
7000161440
7000161439
7000161438
7000161435
7000161432
7000161431
7000161429
7000161428
7000161425
7000161424
7000161423
7000161422
7000161420
7000161419
7000161418
7000161417
7000161416
7000161415
7000161414
7000161408
7000161406
7000161405
7000161404
7000161403
7000161401
7000161400
7000161398
7000161396
7000161395
7000161394
7000161391
7000161390
7000161388
7000161387
7000161386
7000161385
7000161384
7000161383
7000161382
7000161381
7000161380
7000161379
7000161378
7000161377
7000161372
7000161370
7000161367
7000161365
7000161363
7000161362
7000161361
7000161314
7000161313
7000161312
7000161306
7000161305
7000161304
7000161303
7000161302
7000161301
7000161300
7000161296
7000161289
7000161288
7000161287
7000161285
7000161282
7000161281
7000161278
7000161273
7000161268
7000161266
7000161265
7000161264
7000161260
7000161256
7000161255
7000161254
7000161253
7000161251
7000161248
7000161245
7000161244
7000161243
7000161238
7000161237
7000161236
7000161233
7000161228
7000161226
7000161225
7000161215
7000161212
7000161206
7000161205
7000161204
7000161203
7000161202
7000161200
7000161198
7000161196
7000161195
7000161193
7000161192
7000161191
7000161186
7000161183
7000161170
7000161161
7000161160
7000161157
7000161155
7000161153
7000161151
7000161150
7000161147
7000161146
7000161145
7000161137
7000161135
7000161133
7000161132
7000161130
7000161125
7000161124
7000161108
7000161107
7000161096
7000161092
7000161088
7000161084
7000161083
7000161081
7000161077
7000161076
7000161075
7000161074
7000161073
7000161070
7000161063
7000161059
7000161058
7000161051
7000161049
7000161047
7000161039
7000161037
7000161031
7000161023
7000161019
7000161018
7000161017
7000161014
7000161013
7000161009
7000161001
7000161000
7000160998
7000160996
7000160994
7000160982
7000160981
7000160975
7000160972
7000160960
7000160954
7000160947
7000160945
7000160943
7000160935
7000160934
7000160908
7000160906
7000160895
7000160889
7000160888
7000160878
7000160877
7000160875
7000160874
7000160873
7000160866
7000160863
7000160862
7000160861
7000160858
7000160857
7000160853
7000160852
7000160842
7000160833
7000160830
7000160829
7000160828
7000160825
7000160823
7000160816
7000160815
7000160812
7000160811
7000160809
7000160805
7000160804
7000160797
7000160792
7000160791
7000160787
7000160783
7000160780
7000160778
7000160777
7000160756
7000160712
7000160711
7000160709
7000160707
7000160702
7000160700
7000160699
7000160698
7000160687
7000160682
7000160669
7000160658
7000160640
7000160639
7000160636
7000160634
7000160633
7000160632
7000160631
7000160628
7000160626
7000160623
7000160620
7000160614
7000160611
7000160609
7000160607
7000160606
7000160604
7000160603
7000160602
7000160592
7000160579
7000160571
7000160562
7000160560
7000160546
7000160539
7000160531
7000160521
7000160506
7000160501
7000160496
7000160493
7000160489
7000160483
7000160482
7000160481
7000160480
7000160474
7000160453
7000160451
7000160443
7000160442
7000160441
7000160440
7000160437
7000160434
7000160421
7000160419
7000160405
7000160402
7000160398
7000160396
7000160393
7000160392
7000160390
7000160387
7000160379
7000160375
7000160370
7000160368
7000160360
7000160358
7000160317
7000160288
7000160249
7000160207
7000160144
7000160087
7000160060
7000160001
7000150064
7000150060
7000150055
7000150053
7000150042
7000150037
7000150034
7000150031
7000150029
7000150025
7000150024
7000150023
7000150020
7000150001
7000040736
7000040236
7000010090
7000010084
7000010083
7000010072
7000010070
7000010066
7000010065
7000010064
7000010063
7000010060
7000010045
7000010043
7000010033
7000010001
4444449999
0050850001
0050800001
0050770001
0050750001
0050650001
0050610001
0050580001
0050560001
0050550001
0050480001
0050460001
0050450001
0050440001
0050410001
0050370001
0050360001
0050230001
0050210001
0050200001
0050170001
0050160001
0050080001
0050070001
0050020001
0050010001
0049960001
0049870001
0049850001
0049770001
0049740001
0049700001
0049690001
0049600001
0049470001
0049460001
0049430001
0049270001
0049190001
0049080001
0049060001
0048980001
0048970001
0048950001
0048920001
0048890001
0048880001
0048690001
0048630002
0048520001
0048510001
0048440001
0048220001
0048210001
0048200001
0048180001
0048170001
0048160001
0048150001
0048140001
0048130001
0048080001
0048060001
0048040001
0048020001
0047830001
0047820001
0047800001
0047790001
0047780001
0047770001
0047760001
0047750001
0047740001
0047730001
0047720001
0047710001
0047480001
0047450001
0047300001
0047280001
0047270001
0047260001
0047250001
0047220001
0047210001
0047200001
0047190001
0047180001
0047170001
0047150001
0047140001
0047130001
0047120001
0047090001
0047070001
0047060001
0047050001
0047030001
0047020001
0047010001
0047000001
0046970001
0046960001
0046950001
0046930001
0046920001
0046890001
0046880001
0046870001
0046850002
0046850001
0046840001
0046830001
0046820001
0046800001
0046770001
0046760001
0046750001
0046740001
0046730001
0046720002
0046720001
0046710001
0046690001
0046680001
0046670001
0046660001
0046650001
0046640001
0046630001
0046620001
0046240001
0046220001
0046020001
0045990001
0045980001
0045920001
0045910001
0045900001
0045890001
0045870001
0045860001
0045830001
0045670001
0045660002
0045660001
0045650001
0045620001
0045370001
0045360001
0045350001
0045340001
0045330001
0045310001
0045280001
0045270001
0045260001
0045250001
0045240002
0045240001
0045230001
0045050002
0045050001
0045040001
0045030001
0044990001
0044980001
0044970001
0044950001
0044940001
0044930001
0044910001
0044900001
0044890001
0044870001
0044860001
0044840001
0044830001
0044820001
0044750001
0044740001
0044730001
0044710001
0044700001
0044690001
0044680001
0044650001
0044620001
0044480006
0044260001
0044210002
0044210001
0044190001
0044180001
0044170001
0044160001
0044130001
0044120001
0044080001
0044070001
0044060001
0044050001
0044030001
0044020001
0044000001
0043990001
0043970001
0043950001
0043940001
0043930001
0043920001
0043910003
0043910002
0043910001
0043900001
0043890001
0043880001
0043860001
0043850001
0043830001
0043790001
0043780001
0043770001
0043760001
0043750001
0043720001
0043710001
0043700001
0043690001
0043680001
0043670001
0043660001
0043650001
0043640001
0043620001
0043610001
0043600001
0043580001
0043570001
0043560001
0043550001
0043340001
0043330001
0043320001
0043170001
0043160001
0043130001
0043120001
0043110001
0043100001
0043090001
0043080001
0043050001
0043040002
0043040001
0043030001
0043010001
0043000001
0042990001
0042980001
0042970001
0042950001
0042920001
0042900001
0042880001
0042870001
0042860001
0042850001
0042840001
0042820001
0042810001
0042800001
0042790001
0042780001
0042770001
0042740001
0042730001
0042520001
0042510001
0042500001
0042480001
0042450001
0042440001
0042430001
0042290004
0042270001
0042240001
0042230001
0042220001
0042210001
0042200001
0042190001
0042180001
0042150001
0042130001
0042120001
0042100003
0042100002
0042100001
0042090001
0042070001
0042060001
0042050001
0042040001
0042030001
0042010001
0042000001
0041990001
0041970001
0041950001
0041940001
0041910002
0041880001
0041870001
0041850001
0041840001
0041820001
0041760001
0041750001
0041680002
0041680001
0041660001
0041620001
0041610001
0041600001
0041560001
0041540001
0041530001
0041400002
0041400001
0041370001
0041330001
0041310001
0041280003
0041280002
0041280001
0041270001
0041220001
0041170001
0041160001
0041120002
0041120001
0040860001
0040850001
0040830001
0040810001
0040800001
0040780001
0040750001
0040730001
0040710001
0040700001
0040690001
0040670001
0040650001
0040640001
0040610002
0040590001
0040570001
0040560001
0040550001
0040540001
0040520001
0040430001
0040410001
0040370001
0040290001
0040270001
0040260001
0040230001
0040200001
0040150001
0040130001
0040080001
0040070001
0040060001
0040040001
0040030001
0039980001
0039970001
0039960001
0039950001
0039910001
0039900001
0039880001
0039870001
0039860001
0039850001
0039840001
0039830001
0039820001
0039800001
0039770001
0039730001
0039520001
0039320001
0039120001
0038930013
0038869999
0038810001
0038790001
0038720001
0038680001
0038610001
0038580001
0038570001
0038540001
0038490001
0038470001
0038450003
0038450002
0038440001
0038400009
0038400001
0038380001
0038350001
0038320001
0038300001
0038290001
0038270001
0038260001
0038190001
0038170001
0038160001
0038150001
0038140001
0038110001
0038070001
0038060001
0038020001
0037990001
0037940001
0037930001
0037920001
0037910001
0037880001
0037870001
0037850001
0037800001
0037790001
0037770001
0037750001
0037740001
0037720002
0037720001
0037700001
0037690001
0037680001
0037650001
0037640001
0037600001
0037590001
0037560001
0037449999
0037440043
0037420001
0037410001
0037320001
0037310002
0037310001
0037300001
0037290001
0037280001
0037270001
0037260035
0037260001
0037250001
0037240001
0037230001
0037220001
0037210001
0037190001
0037180001
0037170001
0037110001
0037040002
0037040001
0037020001
0037000001
0036990002
0036990001
0036980001
0036970001
0036960001
0036950001
0036940001
0036929999
0036920004
0036920001
0036880014
0036870001
0036860001
0036850001
0036830001
0036800001
0036760011
0036760010
0036760009
0036760008
0036760007
0036760006
0036760004
0036760003
0036760002
0036760001
0036750001
0036740001
0036720001
0036710001
0036690001
0036650001
0036640001
0036630001
0036620001
0036600002
0036600001
0036590001
0036580001
0036570001
0036560001
0036550002
0036550001
0036530002
0036530001
0036520001
0036510001
0036500001
0036480001
0036440001
0036430001
0036420001
0036390001
0036380001
0036350007
0036320006
0036320001
0036310009
0036300008
0036260025
0036250013
0036230016
0036190030
0036110055
0036100018
0036040011
0036030016
0036020059
0036010058
0035990063
0035980001
0035979999
0035960001
0035950013
0035950012
0035920045
0035910001
0035900001
0035850001
0035810001
0035800001
0035790001
0035780001
0035740001
0035730001
0035710008
0035710007
0035710006
0035710005
0035710004
0035710003
0035710001
0035680001
0035670001
0035620001
0035590001
0035580001
0035530001
0035520001
0035500001
0035490001
0035450001
0035430001
0035420001
0035410001
0035400001
0035390001
0035360001
0035280001
0035270001
0035240001
0035210001
0035200001
0035180001
0035170001
0035160001
0035110001
0035070001
0035060003
0035050001
0034960001
0034930001
0034830001
0034800001
0034790001
0034780001
0034750001
0034740001
0034730001
0034710001
0034700001
0034620001
0034610001
0034580002
0034550001
0034540001
0034530001
0034520001
0034510001
0034490001
0034470002
0034470001
0034460001
0034450001
0034420001
0034410001
0034390001
0034360001
0034330001
0034320001
0034310001
0034300001
0034290001
0034280001
0034260001
0034210001
0034200001
0034190001
0034180001
0034100001
0034080001
0034020001
0034010001
0033990001
0033980001
0033970001
0033960002
0033960001
0033920001
0033900001
0033890001
0033880001
0033870001
0033850001
0033810001
0033750001
0033720001
0033690001
0033670001
0033660001
0033650006
0033650004
0033650001
0033640001
0033630008
0033630007
0033630006
0033630004
0033630003
0033630002
0033630001
0033610001
0033600001
0033530003
0033530002
0033530001
0033480001
0033410002
0033410001
0033400001
0033390001
0033360005
0033340001
0033330002
0033330001
0033320001
0033250002
0033230001
0033200001
0033190001
0033140001
0033130001
0033110002
0033110001
0033090001
0033080001
0033070001
0033030002
0033030001
0032990002
0032990001
0032970001
0032960001
0032860002
0032820001
0032810001
0032760001
0032740001
0032680001
0032640001
0032620001
0032610001
0032600001
0032590001
0032480001
0032350001
0032340001
0032330001
0032320001
0032310001
0032300001
0032270001
0032260001
0032250001
0032230001
0032200002
0032200001
0032190001
0032180001
0032150001
0032130001
0032090001
0032070001
0032040001
0031980001
0031970001
0031960001
0031940001
0031930001
0031920001
0031870001
0031860001
0031840001
0031800001
0031790001
0031780002
0031780001
0031760001
0031730004
0031730001
0031690001
0031680001
0031670001
0031630001
0031560001
0031550002
0031510001
0031500001
0031490001
0031380001
0031370001
0031360001
0031350001
0031290001
0031250001
0031240001
0031230001
0031210034
0031210032
0031210031
0031210028
0031210027
0031210024
0031210023
0031210020
0031210018
0031210001
0031180001
0031170001
0031150001
0031080001
0031070001
0031060004
0031050001
0031040005
0031040003
0031040002
0031040001
0031020002
0031020001
0031000001
0030990001
0030970001
0030960001
0030910001
0030840001
0030830001
0030819999
0030790001
0030750001
0030740001
0030730001
0030710001
0030620010
0030580001
0030550001
0030530001
0030520001
0030470001
0030440001
0030370001
0030360001
0030350001
0030340001
0030330001
0030270001
0030230001
0030180003
0030120001
0030030001
0030010001
0029940001
0029930001
0029920001
0029870005
0029870003
0029870001
0029860001
0029810001
0029780001
0029750001
0029700002
0029700001
0029680001
0029660001
0029630001
0029600001
0029550001
0029519999
0029450001
0029440001
0029430001
0029420001
0029410006
0029410005
0029410004
0029410001
0029300001
0029290001
0029270001
0029260001
0029180002
0029180001
0029090001
0028950001
0028940002
0028940001
0028920001
0028880001
0028860001
0028840001
0028830001
0028800001
0028770001
0028690002
0028680001
0028660001
0028470001
0028460001
0028450001
0028440001
0028260001
0028100004
0028000001
0027970001
0027950001
0027940002
0027940001
0027930001
0027910001
0027870001
0027810001
0027780001
0027750001
0027700001
0027690001
0027650001
0027590001
0027539999
0027530001
0027510001
0027500001
0027470001
0027450001
0027410001
0027400001
0027390001
0027360001
0027350001
0027310001
0027280001
0027220001
0027200001
0027190001
0027180002
0027180001
0027170001
0027150001
0027110001
0027090014
0027090001
0027050001
0027040001
0027030004
0027030003
0027030001
0026980001
0026900002
0026880001
0026870001
0026820001
0026790001
0026700001
0026660001
0026620001
0026550001
0026540001
0026490001
0026480001
0026460001
0026440002
0026380001
0026370001
0026360001
0026350003
0026250001
0026220056
0026220055
0026220053
0026220049
0026220048
0026220045
0026220044
0026220043
0026220042
0026220041
0026220040
0026220039
0026220038
0026220037
0026220036
0026220035
0026220034
0026220033
0026220032
0026220031
0026220030
0026220029
0026220028
0026220027
0026220026
0026220025
0026220023
0026220022
0026220021
0026220020
0026220019
0026220018
0026220017
0026220016
0026220015
0026220014
0026220013
0026220012
0026220011
0026220010
0026220008
0026220007
0026220006
0026220005
0026220004
0026220003
0026220002
0026220001
0026200001
0026190001
0026150001
0026120002
0026120001
0026070001
0026040001
0026030002
0026030001
0026010002
0026000001
0025990001
0025940001
0025920001
0025910001
0025880001
0025820002
0025820001
0025720001
0025530007
0025510001
0025500001
0025490001
0025449999
0025330001
0025190001
0025180002
0025180001
0025160001
0025140001
0025120001
0025110001
0025070001
0025060002
0024960001
0024950001
0024850002
0024850001
0024790001
0024720001
0024690001
0024680001
0024670001
0024650001
0024630001
0024570001
0024550001
0024500001
0024490001
0024430001
0024380001
0024360001
0024300003
0024300001
0024291489
0024291394
0024291392
0024291327
0024290958
0024290742
0024290735
0024290730
0024290729
0024290728
0024290725
0024290723
0024290722
0024290721
0024290719
0024290714
0024290713
0024290712
0024290711
0024290710
0024290705
0024290662
0024290661
0024290653
0024290649
0024290645
0024290640
0024290632
0024290629
0024290628
0024290627
0024290619
0024290539
0024290446
0024290393
0024290388
0024290386
0024290385
0024290383
0024290380
0024290377
0024290376
0024290375
0024290373
0024290372
0024290369
0024290366
0024290364
0024290362
0024290360
0024290359
0024290358
0024290356
0024290351
0024290348
0024290347
0024290346
0024290345
0024290341
0024250054
0024210001
0024200001
0024190001
0024180001
0024160002
0024160001
0024150001
0024130002
0024130001
0024120001
0024060001
0024040001
0024030001
0024020002
0023980001
0023930002
0023930001
0023910001
0023900001
0023860001
0023820001
0023760003
0023760001
0023720001
0023710001
0023690001
0023680001
0023620001
0023510001
0023480001
0023470001
0023450001
0023390001
0023380003
0023380002
0023370001
0023330001
0023280001
0023240001
0023180001
0023130001
0023110001
0023100001
0023090001
0023080001
0023060001
0023050001
0023030001
0023020001
0022970001
0022950001
0022930002
0022920001
0022910001
0022900001
0022890001
0022860001
0022850001
0022840001
0022809999
0022800018
0022780002
0022770001
0022760002
0022760001
0022750001
0022700001
0022630001
0022590001
0022550001
0022490001
0022460001
0022450001
0022350001
0022220001
0022180001
0022150001
0022140001
0022130001
0022110001
0022070001
0022069999
0022060003
0022060002
0022060001
0022010001
0021940001
0021900001
0021890002
0021890001
0021880001
0021870001
0021850002
0021850001
0021820001
0021790001
0021780001
0021750001
0021740001
0021710001
0021700002
0021690001
0021570001
0021510002
0021510001
0021480001
0021450001
0021420001
0021350001
0021330001
0021320001
0021300001
0021240002
0021240001
0021230001
0021220001
0021180001
0021160001
0021130005
0021110016
0021100015
0021070002
0020860065
0020860063
0020860062
0020860059
0020860058
0020860055
0020860052
0020860050
0020860049
0020860047
0020860045
0020860043
0020860041
0020860036
0020860031
0020860026
0020860023
0020860019
0020860018
0020860012
0020860009
0020860007
0020860001
0020850004
0020840001
0020820002
0020820001
0020800001
0020780001
0020760001
0020749999
0020740001
0020670003
0020660001
0020650001
0020640001
0020620001
0020610001
0020540002
0020540001
0020530001
0020460001
0020440527
0020420032
0020420028
0020420018
0020410045
0020410044
0020400155
0020400154
0020400153
0020400152
0020400150
0020400148
0020400147
0020400145
0020400143
0020400142
0020400141
0020400140
0020400139
0020400138
0020400136
0020400135
0020400134
0020400132
0020400130
0020400129
0020400128
0020400127
0020400125
0020400124
0020400123
0020400122
0020400121
0020400120
0020400118
0020400117
0020400116
0020400115
0020400114
0020400113
0020400111
0020400109
0020400108
0020400107
0020400106
0020360001
0020340001
0020290004
0020290003
0020290002
0020290001
0020280001
0020270001
0020260001
0020250001
0020230001
0020220001
0020219999
0020210013
0020210002
0020210001
0020200001
0020190001
0020180001
0020160002
0020150002
0020150001
0020140001
0020110001
0020090001
0020060002
0020060001
0020050001
0020030001
0020020001
0020010003
0020010002
0019990001
0019970001
0019960001
0019690001
0019640001
0019620001
0019590001
0019580001
0019540001
0019430001
0019330002
0019330001
0019320001
0019290001
0019250001
0019240001
0019230001
0019220001
0019210001
0019200001
0019150002
0019150001
0019130001
0019110001
0019100001
0019090001
0019080001
0019050001
0019040001
0019030001
0019020002
0019000002
0019000001
0018990001
0018980001
0018950001
0018940001
0018910001
0018900004
0018900001
0018870002
0018870001
0018850001
0018820001
0018800002
0018790002
0018790001
0018740001
0018710002
0018710001
0018700001
0018690002
0018690001
0018680004
0018650001
0018620001
0018600001
0018590001
0018580001
0018560001
0018510001
0018440001
0018430001
0018410003
0018410001
0018320001
0018250001
0018240001
0018230001
0018220001
0018210001
0018200002
0018200001
0018170005
0018169999
0018160037
0018160023
0018160002
0018160001
0018150001
0018140001
0018100002
0018100001
0018099999
0018090007
0018090001
0018060001
0018040001
0018000003
0018000001
0017990001
0017960001
0017930001
0017850001
0017830001
0017760001
0017730001
0017720001
0017700001
0017680001
0017660001
0017640001
0017620001
0017600001
0017540001
0017510001
0017370001
0017360001
0017350001
0017340001
0017330001
0017230001
0017160001
0017150001
0017130001
0017120001
0017080001
0017070001
0017040001
0017030001
0017020001
0017010001
0016950001
0016940001
0016910001
0016890002
0016890001
0016850001
0016800001
0016790001
0016720001
0016700001
0016690001
0016670001
0016650001
0016620002
0016620001
0016560001
0016540001
0016530002
0016530001
0016520001
0016510001
0016460001
0016450001
0016410001
0016400001
0016379999
0016370001
0016330004
0016330003
0016330002
0016330001
0016320001
0016310001
0016300001
0016270001
0016250001
0016230001
0016170002
0016150001
0016130001
0016060003
0016060002
0016060001
0016030001
0016010001
0015990001
0015980002
0015980001
0015930001
0015920002
0015920001
0015880001
0015860001
0015820008
0015820004
0015820003
0015820002
0015820001
0015790001
0015780001
0015770001
0015760001
0015730001
0015710001
0015709999
0015700114
0015660001
0015640001
0015630001
0015620001
0015589999
0015580108
0015580024
0015580001
0015540002
0015540001
0015510001
0015500001
0015450001
0015440001
0015420001
0015380004
0015380001
0015350001
0015220005
0015220004
0015220003
0015170156
0015170153
0015170143
0015170127
0015170106
0015170002
0015020002
0014989999
0014980002
0014950001
0014930001
0014850001
0014820001
0014800001
0014780001
0014760001
0014750232
0014750218
0014750217
0014750214
0014750213
0014750208
0014750206
0014750196
0014750190
0014750179
0014750058
0014750057
0014730001
0014650001
0014640001
0014630001
0014620001
0014610001
0014540001
0014520001
0014380001
0014350002
0014350001
0014320001
0014310001
0014300001
0014280001
0014270001
0014180001
0014110001
0014100002
0014100001
0014090001
0014080001
0014060001
0014050001
0014030001
0014020001
0014000001
0013990001
0013980002
0013980001
0013960001
0013940001
0013920001
0013890001
0013850001
0013830001
0013810001
0013790001
0013780001
0013770001
0013750001
0013740001
0013730001
0013720001
0013670669
0013670630
0013670627
0013670592
0013670582
0013670557
0013670548
0013670546
0013670540
0013670533
0013670529
0013670525
0013670515
0013670443
0013670442
0013670434
0013670371
0013670366
0013670365
0013670345
0013670339
0013670336
0013670333
0013670327
0013670326
0013670321
0013670311
0013670310
0013670307
0013670305
0013670302
0013670298
0013670292
0013670291
0013670265
0013670222
0013670215
0013670211
0013670195
0013670161
0013670160
0013670144
0013670138
0013670125
0013670120
0013670111
0013670087
0013670077
0013670060
0013670002
0013650001
0013640001
0013630001
0013620001
0013610001
0013600003
0013600001
0013540001
0013530001
0013510001
0013500001
0013470001
0013460001
0013450001
0013440001
0013420001
0013410001
0013400001
0013390001
0013320001
0013310001
0013300001
0013290001
0013270001
0013230102
0013180001
0013170001
0013160001
0013150001
0013129999
0013120030
0013120028
0013110001
0013080001
0013060001
0013059999
0013050004
0012980001
0012940001
0012909999
0012900028
0012900026
0012900015
0012900002
0012900001
0012890016
0012890011
0012889999
0012880014
0012880013
0012880009
0012879999
0012870007
0012870003
0012870001
0012869999
0012860040
0012860003
0012839999
0012830002
0012829999
0012820001
0012799999
0012790038
0012790022
0012790002
0012790001
0012789999
0012780008
0012780002
0012780001
0012779999
0012760001
0012750001
0012690001
0012670001
0012650001
0012649999
0012640002
0012639999
0012630071
0012630024
0012630019
0012630018
0012630010
0012630002
0012630001
0012629999
0012619999
0012610273
0012610268
0012610267
0012610266
0012610177
0012610050
0012610047
0012610039
0012610034
0012610032
0012610031
0012610030
0012610029
0012610028
0012610027
0012610014
0012610012
0012610011
0012610008
0012610006
0012610004
0012610001
0012560001
0012530002
0012530001
0012520001
0012510001
0012480001
0012460003
0012450001
0012430001
0012399999
0012390001
0012330001
0012290001
0012250001
0012170001
0012160001
0012150001
0012140001
0012120001
0012090001
0012080001
0012060002
0012060001
0012050001
0012040001
0012030003
0012030002
0012030001
0012000001
0011960001
0011940001
0011930002
0011930001
0011920001
0011890001
0011880007
0011880001
0011870001
0011850001
0011820002
0011820001
0011729999
0011720012
0011720011
0011720002
0011719999
0011699999
0011690004
0011689999
0011680001
0011679999
0011670027
0011670011
0011669999
0011660010
0011660001
0011659999
0011650022
0011650021
0011650013
0011650007
0011650006
0011650002
0011650001
0011649999
0011640010
0011640005
0011639999
0011630012
0011630004
0011630003
0011630001
0011629999
0011620175
0011620113
0011620047
0011620012
0011620010
0011620003
0011620001
0011619999
0011610105
0011610046
0011610033
0011610032
0011610028
0011610013
0011610008
0011610006
0011610002
0011609999
0011600009
0011600006
0011600005
0011600004
0011599999
0011590011
0011590002
0011589999
0011580030
0011580005
0011580001
0011579999
0011570160
0011570118
0011570034
0011570033
0011570025
0011570011
0011570005
0011570003
0011570002
0011560001
0011550001
0011520002
0011520001
0011500001
0011470001
0011440001
0011390001
0011380001
0011350001
0011340001
0011300002
0011300001
0011290003
0011290002
0011290001
0011280001
0011260001
0011250001
0011230001
0011220001
0011200001
0011190001
0011180033
0011180019
0011180018
0011180001
0011170002
0011170001
0011160001
0011150001
0011140001
0011129999
0011120001
0011080002
0011080001
0011050001
0011030001
0011010001
0010990251
0010990115
0010990001
0010980001
0010950001
0010940001
0010900001
0010850001
0010790001
0010780001
0010760001
0010710001
0010680001
0010670001
0010650003
0010650002
0010650001
0010640001
0010639999
0010630066
0010630049
0010630030
0010630018
0010630011
0010630002
0010560003
0010560001
0010540005
0010540002
0010530001
0010520001
0010510001
0010500002
0010500001
0010490002
0010490001
0010480002
0010480001
0010470001
0010460002
0010460001
0010450003
0010450002
0010450001
0010439999
0010430044
0010430024
0010430019
0010430018
0010390001
0010380001
0010370001
0010360002
0010360001
0010340001
0010300002
0010300001
0010290001
0010270001
0010250001
0010180003
0010140002
0010100001
0010059999
0010000001
0009750003
0009750001
0009749999
0009740029
0009740018
0009740010
0009740008
0009740002
0009740001
0009739999
0009730028
0009730015
0009730003
0009730001
0009700001
0009680028
0009680003
0009680001
0009659999
0009650262
0009650259
0009650218
0009650216
0009650169
0009650168
0009650167
0009650165
0009650164
0009650163
0009650162
0009650154
0009650138
0009650107
0009650104
0009650026
0009650025
0009650019
0009650014
0009650009
0009650005
0009650003
0009650002
0009650001
0009590001
0009550001
0009530025
0009530008
0009490027
0009490023
0009490004
0009490001
0009390001
0009290001
0009270001
0009259999
0009250001
0009180001
0009150024
0009150001
0009140001
0009100001
0009080001
0009040001
0009020001
0009010001
0008990001
0008989999
0008980026
0008980004
0008980002
0008980001
0008920001
0008910001
0008900001
0008840002
0008840001
0008820001
0008800001
0008730001
0008720002
0008720001
0008710001
0008709999
0008700033
0008689999
0008680005
0008680003
0008679999
0008670048
0008670047
0008670039
0008670031
0008670027
0008670021
0008670002
0008670001
0008610001
0008600001
0008560001
0008540001
0008520002
0008500001
0008480001
0008470003
0008460001
0008440001
0008400001
0008360001
0008340001
0008300001
0008290001
0008280001
0008260001
0008240001
0008230001
0008220001
0008210002
0008210001
0008120001
0008100001
0008050001
0008030001
0008000001
0007940001
0007910001
0007900001
0007860001
0007850002
0007850001
0007830001
0007740017
0007719999
0007710006
0007710004
0007700007
0007700006
0007690001
0007680001
0007670001
0007660001
0007650001
0007610001
0007600006
0007600005
0007600001
0007590001
0007580001
0007570001
0007560001
0007540001
0007520001
0007500001
0007480001
0007470001
0007460001
0007450001
0007440001
0007430001
0007400002
0007400001
0007390001
0007380001
0007360001
0007340001
0007330001
0007320002
0007320001
0007240001
0007210002
0007210001
0007190004
0007130001
0007100001
0007030001
0007020022
0007020014
0006960001
0006920001
0006820010
0006820008
0006820001
0006800006
0006800001
0006700003
0006690001
0006680001
0006670001
0006639999
0006630046
0006630027
0006630015
0006630003
0006630002
0006560004
0006560001
0006540001
0006460005
0006460002
0006460001
0006410002
0006390001
0006370001
0006349999
0006340010
0006340001
0006319999
0006310002
0006289999
0006280477
0006280475
0006280473
0006280472
0006280469
0006280463
0006280460
0006280458
0006280456
0006280455
0006280452
0006280444
0006280443
0006280442
0006280440
0006280439
0006280438
0006280435
0006280432
0006280429
0006280426
0006280425
0006280424
0006280423
0006280420
0006280418
0006280416
0006280412
0006280411
0006280405
0006280402
0006280399
0006280397
0006280394
0006280390
0006280385
0006280380
0006280370
0006280369
0006280368
0006280364
0006280361
0006280360
0006280358
0006280355
0006280354
0006280344
0006280340
0006280338
0006280336
0006280325
0006280322
0006280316
0006280315
0006280314
0006280312
0006280309
0006280307
0006280295
0006280291
0006280289
0006280288
0006280285
0006280279
0006280276
0006280274
0006280273
0006280255
0006280252
0006280251
0006280250
0006280244
0006280241
0006280239
0006280238
0006280237
0006280235
0006280231
0006280223
0006280222
0006280221
0006280220
0006280217
0006280214
0006280211
0006280206
0006280204
0006280200
0006280198
0006280194
0006280192
0006280191
0006280190
0006280189
0006280184
0006280179
0006280177
0006280172
0006280145
0006280143
0006280140
0006280138
0006280124
0006280120
0006280116
0006280106
0006280105
0006280095
0006280094
0006280090
0006280086
0006280082
0006280080
0006280079
0006280077
0006280072
0006280071
0006280070
0006280066
0006280064
0006280062
0006280060
0006280058
0006280057
0006280056
0006280055
0006280050
0006280049
0006280048
0006280046
0006280038
0006280036
0006280035
0006280033
0006280031
0006280030
0006280029
0006280024
0006280023
0006280021
0006280019
0006280017
0006280016
0006280015
0006280011
0006280010
0006280009
0006280007
0006280002
0006270053
0006270047
0006260001
0006220002
0006209999
0006200020
0006200005
0006180002
0006149999
0006141187
0006141074
0006141040
0006140945
0006140944
0006140943
0006140942
0006140941
0006140940
0006140939
0006140938
0006140937
0006140936
0006140935
0006140934
0006140918
0006140915
0006140905
0006140900
0006140899
0006140898
0006140897
0006140896
0006140895
0006140894
0006140891
0006140889
0006140888
0006140885
0006140880
0006140725
0006140716
0006140515
0006140512
0006140509
0006140507
0006140505
0006140502
0006140501
0006140498
0006140494
0006140487
0006140485
0006140476
0006140465
0006140462
0006140456
0006140443
0006140438
0006140437
0006140435
0006140270
0006140266
0006140265
0006140032
0006140027
0006140019
0006140017
0006140016
0006140013
0006140012
0006140008
0006120002
0006100001
0006090001
0006060001
0005969999
0005960001
0005940001
0005920001
0005900001
0005820001
0005770001
0005670002
0005620003
0005620001
0005559999
0005550024
0005550002
0005550001
0005510001
0005490001
0005440001
0005370003
0005370001
0005309999
0005300002
0005300001
0005220001
0005190001
0005080001
0004759999
0004750001
0004710001
0004569999
0004560746
0004560745
0004560484
0004560236
0004560058
0004560051
0004560043
0004530108
0004530086
0004530073
0004530071
0004530070
0004530049
0004530047
0004530044
0004530031
0004530012
0004530005
0004530004
0004530002
0004530001
0004490001
0004479999
0004470019
0004470013
0004470001
0004390028
0004390019
0004390018
0004390010
0004239999
0004230003
0004140010
0004120012
0004120011
0004110005
0004110001
0004109999
0003999999
0003990024
0003990007
0003990003
0003979999
0003970016
0003970010
0003970001
0003950015
0003950001
0003949999
0003930001
0003840061
0003840039
0003840003
0003840001
0003820001
0003800004
0003800002
0003770001
0003749999
0003739999
0003730024
0003730021
0003730006
0003730001
0003500001
0003320001
0003169999
0003160010
0003140001
0003120001
0003109999
0003100002
0003069999
0003060001
0002950004
0002939999
0002930078
0002930059
0002930002
0002930001
0002910003
0002910001
0002899999
0002890026
0002890007
0002879999
0002870738
0002870678
0002870593
0002870587
0002870534
0002870532
0002870529
0002870522
0002870519
0002870516
0002870298
0002870281
0002870257
0002870185
0002870179
0002870009
0002870002
0002869999
0002860023
0002860022
0002860002
0002860001
0002830001
0002829999
0002820003
0002799999
0002790020
0002790001
0002709999
0002700020
0002700001
0002659999
0002650012
0002610001
0002590022
0002590020
0002550001
0002480001
0002430003
0002430002
0002420001
0002369999
0002319999
0002310045
0002310008
0002310003
0002200001
0002040001
0002019999
0002010290
0002010052
0002010006
0001959999
0001950003
0001950001
0001819999
0001810001
0001780004
0001700001
0001690001
0001680013
0001660002
0001660001
0001530001
0001479999
0001469999
0001460010
0001460001
0001390001
0001380016
0001150001
0001100003
0001100002
0001100001
0001060011
0001060001
0000990001
0000909999
0000900024
0000900023
0000900021
0000900017
0000900015
0000900014
0000880001
0000679999
0000670054
0000670037
0000670001
0000669999
0000660458
0000660359
0000660288
0000660032
0000550016
0000550010
0000550001
0000499999
0000490001
0000449999
0000440067
0000440043
0000339999
0000330010
0000330004
0000309999
0000259999
0000209999
0000201000
0000200999
0000200870
0000200694
0000200692
0000200596
0000200594
0000200593
0000200592
0000200585
0000200583
0000200581
0000200578
0000200577
0000200576
0000200575
0000200573
0000200572
0000200567
0000200562
0000200559
0000200557
0000200556
0000200553
0000200543
0000200542
0000200540
0000200515
0000200514
0000200511
0000200155
0000200154
0000200152
0000200151
0000200150
0000200147
0000200145
0000200144
0000200143
0000200142
0000200135
0000200134
0000200126
0000200125
0000200124
0000200123
0000200119
0000200116
0000200111
0000200103
0000200098
0000200089
0000200088
0000200087
0000200084
0000200082
0000200079
0000200068
0000200064
0000200063
0000200061
0000200058
0000200054
0000200051
0000200050
0000200043
0000200034
0000200029
0000200024
0000200021
0000200011
0000200007
0000200005
0000200004
0000199999
0000190066
0000190058
0000190039
0000190015
0000190014
0000190003
0000190002
0000190001
0000129999
0000121013
0000120786
0000120766
0000120742
0000120586
0000120382
0000120381
0000120380
0000120379
0000120378
0000120377
0000120376
0000120375
0000120374
0000120373
0000120372
0000120370
0000120369
0000120368
0000120367
0000120366
0000120365
0000120364
0000120363
0000120362
0000120361
0000120359
0000120358
0000120357
0000120356
0000120355
0000120354
0000120353
0000120352
0000120351
0000120350
0000120349
0000120348
0000120347
0000120346
0000120345
0000120344
0000120343
0000120342
0000120341
0000120340
0000120339
0000120338
0000120337
0000120073
0000120065
0000120063
0000120059
0000120054
0000120047
0000120044
0000120042
0000120041
0000120040
0000120035
0000120032
0000120028
0000120025
0000120016
0000120013
0000120011
0000120005
0000120004
0000120003
0000120002
0000099999
0000090081
0000090077
0000090076
0000090074
0000090002
0000090001
0000089999
0000080038
0000080037
0000080020
0000080010
0000080007
0000080006
0000080005
0000079999
0000070008
0000070005
0000070001
0000059999
0000050880
0000050796
0000050777
0000050741
0000050727
0000050713
0000050712
0000050708
0000050707
0000050704
0000050703
0000050485
0000050484
0000050483
0000050482
0000050481
0000050480
0000050479
0000050478
0000050477
0000050475
0000050474
0000050473
0000050472
0000050390
0000050194
0000050188
0000050186
0000050177
0000050174
0000050158
0000050154
0000050152
0000050151
0000050147
0000050142
0000050140
0000050139
0000050138
0000050135
0000050131
0000050123
0000050118
0000050116
0000050115
0000050114
0000050073
0000050066
0000050007
0000050002
0000039999
0000031496
0000031418
0000031296
0000031272
0000031267
0000031249
0000030988
0000030859
0000030751
0000030749
0000030607
0000030602
0000030600
0000030597
0000030595
0000030594
0000030593
0000030591
0000030589
0000030587
0000030584
0000030582
0000030581
0000030580
0000030577
0000030576
0000030575
0000030574
0000030570
0000030569
0000030565
0000030564
0000030515
0000030169
0000030165
0000030164
0000030163
0000030162
0000030161
0000030158
0000030156
0000030145
0000030144
0000030143
0000030104
0000030102
0000030101
0000030100
0000030099
0000030097
0000030096
0000030095
0000030092
0000030091
0000030090
0000030089
0000030088
0000030087
0000030086
0000030085
0000030084
0000030083
0000030080
0000030079
0000030078
0000030077
0000030075
0000030063
0000030062
0000030061
0000030060
0000030058
0000030056
0000030055
0000030054
0000030053
0000030052
0000030050
0000030049
0000030048
0000030047
0000030046
0000030044
0000030040
0000030038
0000030036
0000030035
0000030031
0000030017
0000030015
0000030012
0000030010
0000030009
0000030008
0000020053
0000020052
0000020051
0000020050
0000020049
0000020048
0000020046
0000020045
0000020044
0000020041
0000020039
0000020037
0000020035
0000020034
0000020033
0000020032
0000020031
0000020029
0000020028
0000020027
0000020026
0000020024
0000020023
0000020022
0000020021
0000020020
0000020019
0000020018
0000020017
0000020016
0000020015
0000020014
0000020013
0000020010
0000020008
0000020007
0000020006
0000020005
0000020002
0000010001
